Name: Cameron Wonchoba
x500: wonch002
Student ID: 5239321

Problem 1:
  a. Derivation can be found in 1a.PDF.
  b. Run MultiGuassian.py to view the priors, means, covariance matrices, and alphas.
   The following is the output:
    --------------- Data Set 1 ---------------
    --------------Error rate for Model 1: 0.2--------------
           * P(C1):0.3
           * P(C2):0.7
           * Mean_one:
                  [[ 0.43061855]
                  [ 2.02352   ]
                  [ 3.17582833]
                  [-2.4272419 ]
                  [-2.52344133]
                  [ 3.23778627]
                  [-5.52077   ]
                  [-6.69214667]]
           * Mean_two:
                  [[ 4.584063  ]
                  [ 6.49331857]
                  [ 6.42650643]
                  [ 1.6890596 ]
                  [ 2.29434109]
                  [ 8.36257286]
                  [-0.1657858 ]
                  [-1.80476893]]
           * S1:
                  [[ 1.92830805  0.23454001  0.77190682  1.03212795  0.43221291  1.26484724
                    1.17276085 -1.23200939]
                  [ 0.23454001  3.65897006  0.31234735 -0.1345164   1.58214733  1.03013004
                   -0.19427488  3.2755531 ]
                  [ 0.77190682  0.31234735  8.11305482  1.33473282 -0.42858696  1.77915133
                    0.3549699   0.23200665]
                  [ 1.03212795 -0.1345164   1.33473282  4.22956161  0.94821317  0.74710316
                    1.06816165  1.98101557]
                  [ 0.43221291  1.58214733 -0.42858696  0.94821317  4.1354462   1.00276281
                   -0.54523483  3.43846416]
                  [ 1.26484724  1.03013004  1.77915133  0.74710316  1.00276281  4.06956507
                   -0.19595107  2.30044525]
                  [ 1.17276085 -0.19427488  0.3549699   1.06816165 -0.54523483 -0.19595107
                    4.21626949 -1.70986145]
                  [-1.23200939  3.2755531   0.23200665  1.98101557  3.43846416  2.30044525
                   -1.70986145 17.09542541]]
           * S2:
                  [[ 3.47329924  2.09915198  2.60796398  2.65057997  1.79891088  1.8568027
                    2.71805807  2.97650584]
                  [ 2.09915198  5.86733527  2.21086668  2.75754727  3.20321881  2.92954142
                    2.79632459  5.93857056]
                  [ 2.60796398  2.21086668  8.83888795  3.42410006  2.86656606  2.26167416
                    2.79343698  5.25864566]
                  [ 2.65057997  2.75754727  3.42410006  8.28666982  3.62928146  2.69924849
                    2.04964628  8.51848765]
                  [ 1.79891088  3.20321881  2.86656606  3.62928146  5.6483542   2.9482665
                    3.29711771  4.89064215]
                  [ 1.8568027   2.92954142  2.26167416  2.69924849  2.9482665   3.78345946
                    2.26730766  4.5414673 ]
                  [ 2.71805807  2.79632459  2.79343698  2.04964628  3.29711771  2.26730766
                    8.33385656  4.3678845 ]
                  [ 2.97650584  5.93857056  5.25864566  8.51848765  4.89064215  4.5414673
                    4.3678845  20.13533957]]
    --------------Error rate for Model 2: 0.17--------------
           * P(C1):0.3
           * P(C2):0.7
           * Mean_one:
                  [[ 0.43061855]
                  [ 2.02352   ]
                  [ 3.17582833]
                  [-2.4272419 ]
                  [-2.52344133]
                  [ 3.23778627]
                  [-5.52077   ]
                  [-6.69214667]]
           * Mean_two:
                  [[ 4.584063  ]
                  [ 6.49331857]
                  [ 6.42650643]
                  [ 1.6890596 ]
                  [ 2.29434109]
                  [ 8.36257286]
                  [-0.1657858 ]
                  [-1.80476893]]
           * S1:
                  [[ 1.92830805  0.23454001  0.77190682  1.03212795  0.43221291  1.26484724
                    1.17276085 -1.23200939]
                  [ 0.23454001  3.65897006  0.31234735 -0.1345164   1.58214733  1.03013004
                   -0.19427488  3.2755531 ]
                  [ 0.77190682  0.31234735  8.11305482  1.33473282 -0.42858696  1.77915133
                    0.3549699   0.23200665]
                  [ 1.03212795 -0.1345164   1.33473282  4.22956161  0.94821317  0.74710316
                    1.06816165  1.98101557]
                  [ 0.43221291  1.58214733 -0.42858696  0.94821317  4.1354462   1.00276281
                   -0.54523483  3.43846416]
                  [ 1.26484724  1.03013004  1.77915133  0.74710316  1.00276281  4.06956507
                   -0.19595107  2.30044525]
                  [ 1.17276085 -0.19427488  0.3549699   1.06816165 -0.54523483 -0.19595107
                    4.21626949 -1.70986145]
                  [-1.23200939  3.2755531   0.23200665  1.98101557  3.43846416  2.30044525
                   -1.70986145 17.09542541]]
           * S2:
                  [[ 3.47329924  2.09915198  2.60796398  2.65057997  1.79891088  1.8568027
                    2.71805807  2.97650584]
                  [ 2.09915198  5.86733527  2.21086668  2.75754727  3.20321881  2.92954142
                    2.79632459  5.93857056]
                  [ 2.60796398  2.21086668  8.83888795  3.42410006  2.86656606  2.26167416
                    2.79343698  5.25864566]
                  [ 2.65057997  2.75754727  3.42410006  8.28666982  3.62928146  2.69924849
                    2.04964628  8.51848765]
                  [ 1.79891088  3.20321881  2.86656606  3.62928146  5.6483542   2.9482665
                    3.29711771  4.89064215]
                  [ 1.8568027   2.92954142  2.26167416  2.69924849  2.9482665   3.78345946
                    2.26730766  4.5414673 ]
                  [ 2.71805807  2.79632459  2.79343698  2.04964628  3.29711771  2.26730766
                    8.33385656  4.3678845 ]
                  [ 2.97650584  5.93857056  5.25864566  8.51848765  4.89064215  4.5414673
                    4.3678845  20.13533957]]
    --------------Error rate for Model 3: 0.2--------------
           * P(C1):0.3
           * P(C2):0.7
           * Mean_one:
                  [[ 0.43061855]
                  [ 2.02352   ]
                  [ 3.17582833]
                  [-2.4272419 ]
                  [-2.52344133]
                  [ 3.23778627]
                  [-5.52077   ]
                  [-6.69214667]]
           * Mean_two:
                  [[ 4.584063  ]
                  [ 6.49331857]
                  [ 6.42650643]
                  [ 1.6890596 ]
                  [ 2.29434109]
                  [ 8.36257286]
                  [-0.1657858 ]
                  [-1.80476893]]
           * alpha 1: 5.9308250873708
           * alpha 2: 8.045900259822595
    --------------- Data Set 2 ---------------
    --------------Error rate for Model 1: 0.23--------------
           * P(C1):0.3
           * P(C2):0.7
           * Mean_one:
                  [[ 1.06580163]
                  [ 2.65477033]
                  [ 3.29769997]
                  [-1.67926073]
                  [-1.49874377]
                  [ 4.39589   ]
                  [-4.21383033]
                  [-4.967865  ]]
           * Mean_two:
                  [[ 2.82207621]
                  [ 4.46687329]
                  [ 4.85374   ]
                  [ 0.51923284]
                  [ 0.37638021]
                  [ 6.25854143]
                  [-2.66109029]
                  [-3.817472  ]]
           * S1:
                  [[ 1.38157731e+00 -2.74050843e-01  6.83555872e-01  2.81880521e-01
                    1.03170710e+00  4.78277271e-01 -2.97843684e-01  3.03881283e-01]
                  [-2.74050843e-01  2.63304581e+00  2.13691102e+00  9.52170891e-01
                    1.12366853e+00 -4.61260417e-01 -5.23406112e-02  2.78477992e+00]
                  [ 6.83555872e-01  2.13691102e+00  7.15169665e+00  1.56670132e+00
                    8.42722959e-01  1.99319150e-01  2.77591408e+00  2.81046815e+00]
                  [ 2.81880521e-01  9.52170891e-01  1.56670132e+00  3.15783051e+00
                    6.81054510e-01 -4.79989103e-01  2.47381744e-01  2.38033233e+00]
                  [ 1.03170710e+00  1.12366853e+00  8.42722959e-01  6.81054510e-01
                    2.27482951e+00 -3.80622484e-03 -5.85461344e-01  7.74350481e-01]
                  [ 4.78277271e-01 -4.61260417e-01  1.99319150e-01 -4.79989103e-01
                   -3.80622484e-03  1.24689587e+00  6.80311358e-01 -2.05407608e-01]
                  [-2.97843684e-01 -5.23406112e-02  2.77591408e+00  2.47381744e-01
                   -5.85461344e-01  6.80311358e-01  4.18572586e+00 -7.54952534e-01]
                  [ 3.03881283e-01  2.78477992e+00  2.81046815e+00  2.38033233e+00
                    7.74350481e-01 -2.05407608e-01 -7.54952534e-01  1.08344961e+01]]
           * S2:
                  [[ 2.97074218  1.0855311   2.95140915  0.57865519 -0.09236826  0.06759917
                    0.88674901  1.78874832]
                  [ 1.0855311   5.06242511  2.48929521  0.178346    2.77109801 -0.32818809
                    0.50147599  0.05139973]
                  [ 2.95140915  2.48929521 11.82615404  0.08945206  0.83720724  0.1293903
                    0.0222584  -0.84529439]
                  [ 0.57865519  0.178346    0.08945206  5.40823015  0.05484258  1.02491394
                    4.36273136  2.32911322]
                  [-0.09236826  2.77109801  0.83720724  0.05484258  4.31669609  1.03962916
                    0.54539817  1.69226515]
                  [ 0.06759917 -0.32818809  0.1293903   1.02491394  1.03962916  2.72815859
                    1.73132165  2.19083545]
                  [ 0.88674901  0.50147599  0.0222584   4.36273136  0.54539817  1.73132165
                   11.48101893  2.7512466 ]
                  [ 1.78874832  0.05139973 -0.84529439  2.32911322  1.69226515  2.19083545
                    2.7512466  13.11908522]]
    --------------Error rate for Model 2: 0.56--------------
           * P(C1):0.3
           * P(C2):0.7
           * Mean_one:
                  [[ 1.06580163]
                  [ 2.65477033]
                  [ 3.29769997]
                  [-1.67926073]
                  [-1.49874377]
                  [ 4.39589   ]
                  [-4.21383033]
                  [-4.967865  ]]
           * Mean_two:
                  [[ 2.82207621]
                  [ 4.46687329]
                  [ 4.85374   ]
                  [ 0.51923284]
                  [ 0.37638021]
                  [ 6.25854143]
                  [-2.66109029]
                  [-3.817472  ]]
           * S1:
                  [[ 1.38157731e+00 -2.74050843e-01  6.83555872e-01  2.81880521e-01
                    1.03170710e+00  4.78277271e-01 -2.97843684e-01  3.03881283e-01]
                  [-2.74050843e-01  2.63304581e+00  2.13691102e+00  9.52170891e-01
                    1.12366853e+00 -4.61260417e-01 -5.23406112e-02  2.78477992e+00]
                  [ 6.83555872e-01  2.13691102e+00  7.15169665e+00  1.56670132e+00
                    8.42722959e-01  1.99319150e-01  2.77591408e+00  2.81046815e+00]
                  [ 2.81880521e-01  9.52170891e-01  1.56670132e+00  3.15783051e+00
                    6.81054510e-01 -4.79989103e-01  2.47381744e-01  2.38033233e+00]
                  [ 1.03170710e+00  1.12366853e+00  8.42722959e-01  6.81054510e-01
                    2.27482951e+00 -3.80622484e-03 -5.85461344e-01  7.74350481e-01]
                  [ 4.78277271e-01 -4.61260417e-01  1.99319150e-01 -4.79989103e-01
                   -3.80622484e-03  1.24689587e+00  6.80311358e-01 -2.05407608e-01]
                  [-2.97843684e-01 -5.23406112e-02  2.77591408e+00  2.47381744e-01
                   -5.85461344e-01  6.80311358e-01  4.18572586e+00 -7.54952534e-01]
                  [ 3.03881283e-01  2.78477992e+00  2.81046815e+00  2.38033233e+00
                    7.74350481e-01 -2.05407608e-01 -7.54952534e-01  1.08344961e+01]]
           * S2:
                  [[ 2.97074218  1.0855311   2.95140915  0.57865519 -0.09236826  0.06759917
                    0.88674901  1.78874832]
                  [ 1.0855311   5.06242511  2.48929521  0.178346    2.77109801 -0.32818809
                    0.50147599  0.05139973]
                  [ 2.95140915  2.48929521 11.82615404  0.08945206  0.83720724  0.1293903
                    0.0222584  -0.84529439]
                  [ 0.57865519  0.178346    0.08945206  5.40823015  0.05484258  1.02491394
                    4.36273136  2.32911322]
                  [-0.09236826  2.77109801  0.83720724  0.05484258  4.31669609  1.03962916
                    0.54539817  1.69226515]
                  [ 0.06759917 -0.32818809  0.1293903   1.02491394  1.03962916  2.72815859
                    1.73132165  2.19083545]
                  [ 0.88674901  0.50147599  0.0222584   4.36273136  0.54539817  1.73132165
                   11.48101893  2.7512466 ]
                  [ 1.78874832  0.05139973 -0.84529439  2.32911322  1.69226515  2.19083545
                    2.7512466  13.11908522]]
    --------------Error rate for Model 3: 0.38--------------
           * P(C1):0.3
           * P(C2):0.7
           * Mean_one:
                  [[ 1.06580163]
                  [ 2.65477033]
                  [ 3.29769997]
                  [-1.67926073]
                  [-1.49874377]
                  [ 4.39589   ]
                  [-4.21383033]
                  [-4.967865  ]]
           * Mean_two:
                  [[ 2.82207621]
                  [ 4.46687329]
                  [ 4.85374   ]
                  [ 0.51923284]
                  [ 0.37638021]
                  [ 6.25854143]
                  [-2.66109029]
                  [-3.817472  ]]
           * alpha 1: 4.108262204457933
           * alpha 2: 7.114063789188567
    --------------- Data Set 3 ---------------
    --------------Error rate for Model 1: 0.12--------------
           * P(C1):0.3
           * P(C2):0.7
           * Mean_one:
                  [[ 0.97472857]
                  [ 2.62327333]
                  [ 3.17704333]
                  [-1.46524   ]
                  [-1.30527733]
                  [ 4.51598667]
                  [-4.31974   ]
                  [-5.52145   ]]
           * Mean_two:
                  [[ 1.49161008]
                  [ 3.16554371]
                  [ 3.65038609]
                  [-0.81618406]
                  [-0.35148071]
                  [ 5.13446414]
                  [-3.27701339]
                  [-4.729273  ]]
           * S1:
                  [[ 0.26425864  0.08439322  0.06115577 -0.08532106 -0.00601908 -0.07636412
                   -0.01604449  0.08046558]
                  [ 0.08439322  0.42581235 -0.08498134 -0.10514253 -0.01218701 -0.08962319
                    0.11650632 -0.07582034]
                  [ 0.06115577 -0.08498134  0.60628709 -0.03766057 -0.09252041 -0.03326523
                    0.08249047  0.01328516]
                  [-0.08532106 -0.10514253 -0.03766057  0.44001996 -0.03557728 -0.14464077
                   -0.10443724  0.07458934]
                  [-0.00601908 -0.01218701 -0.09252041 -0.03557728  0.43268603  0.05336694
                   -0.09975328  0.01415356]
                  [-0.07636412 -0.08962319 -0.03326523 -0.14464077  0.05336694  0.59442195
                    0.07073062 -0.02455305]
                  [-0.01604449  0.11650632  0.08249047 -0.10443724 -0.09975328  0.07073062
                    0.54427723 -0.0304536 ]
                  [ 0.08046558 -0.07582034  0.01328516  0.07458934  0.01415356 -0.02455305
                   -0.0304536   0.3981595 ]]
           * S2:
                  [[ 2.79447694  0.41095184 -0.38457758  0.59849038 -0.41286571  0.16596129
                    0.35735978 -0.48835213]
                  [ 0.41095184  2.53709263 -0.34972302 -0.03670178 -0.29616037  0.05864954
                    0.17826084  0.08816286]
                  [-0.38457758 -0.34972302  2.16054907 -0.25595111 -0.04903665 -0.0302867
                    0.03570249 -0.28380405]
                  [ 0.59849038 -0.03670178 -0.25595111  2.96845515 -0.87773807  0.10262186
                   -0.34245434 -0.32702051]
                  [-0.41286571 -0.29616037 -0.04903665 -0.87773807  3.50948026  0.07461229
                   -0.76268035  0.19421195]
                  [ 0.16596129  0.05864954 -0.0302867   0.10262186  0.07461229  2.91925766
                    0.64239013  0.35184876]
                  [ 0.35735978  0.17826084  0.03570249 -0.34245434 -0.76268035  0.64239013
                    2.94782841  0.27836392]
                  [-0.48835213  0.08816286 -0.28380405 -0.32702051  0.19421195  0.35184876
                    0.27836392  2.61231197]]
    --------------Error rate for Model 2: 0.45--------------
           * P(C1):0.3
           * P(C2):0.7
           * Mean_one:
                  [[ 0.97472857]
                  [ 2.62327333]
                  [ 3.17704333]
                  [-1.46524   ]
                  [-1.30527733]
                  [ 4.51598667]
                  [-4.31974   ]
                  [-5.52145   ]]
           * Mean_two:
                  [[ 1.49161008]
                  [ 3.16554371]
                  [ 3.65038609]
                  [-0.81618406]
                  [-0.35148071]
                  [ 5.13446414]
                  [-3.27701339]
                  [-4.729273  ]]
           * S1:
                  [[ 0.26425864  0.08439322  0.06115577 -0.08532106 -0.00601908 -0.07636412
                   -0.01604449  0.08046558]
                  [ 0.08439322  0.42581235 -0.08498134 -0.10514253 -0.01218701 -0.08962319
                    0.11650632 -0.07582034]
                  [ 0.06115577 -0.08498134  0.60628709 -0.03766057 -0.09252041 -0.03326523
                    0.08249047  0.01328516]
                  [-0.08532106 -0.10514253 -0.03766057  0.44001996 -0.03557728 -0.14464077
                   -0.10443724  0.07458934]
                  [-0.00601908 -0.01218701 -0.09252041 -0.03557728  0.43268603  0.05336694
                   -0.09975328  0.01415356]
                  [-0.07636412 -0.08962319 -0.03326523 -0.14464077  0.05336694  0.59442195
                    0.07073062 -0.02455305]
                  [-0.01604449  0.11650632  0.08249047 -0.10443724 -0.09975328  0.07073062
                    0.54427723 -0.0304536 ]
                  [ 0.08046558 -0.07582034  0.01328516  0.07458934  0.01415356 -0.02455305
                   -0.0304536   0.3981595 ]]
           * S2:
                  [[ 2.79447694  0.41095184 -0.38457758  0.59849038 -0.41286571  0.16596129
                    0.35735978 -0.48835213]
                  [ 0.41095184  2.53709263 -0.34972302 -0.03670178 -0.29616037  0.05864954
                    0.17826084  0.08816286]
                  [-0.38457758 -0.34972302  2.16054907 -0.25595111 -0.04903665 -0.0302867
                    0.03570249 -0.28380405]
                  [ 0.59849038 -0.03670178 -0.25595111  2.96845515 -0.87773807  0.10262186
                   -0.34245434 -0.32702051]
                  [-0.41286571 -0.29616037 -0.04903665 -0.87773807  3.50948026  0.07461229
                   -0.76268035  0.19421195]
                  [ 0.16596129  0.05864954 -0.0302867   0.10262186  0.07461229  2.91925766
                    0.64239013  0.35184876]
                  [ 0.35735978  0.17826084  0.03570249 -0.34245434 -0.76268035  0.64239013
                    2.94782841  0.27836392]
                  [-0.48835213  0.08816286 -0.28380405 -0.32702051  0.19421195  0.35184876
                    0.27836392  2.61231197]]
    --------------Error rate for Model 3: 0.3--------------
           * P(C1):0.3
           * P(C2):0.7
           * Mean_one:
                  [[ 0.97472857]
                  [ 2.62327333]
                  [ 3.17704333]
                  [-1.46524   ]
                  [-1.30527733]
                  [ 4.51598667]
                  [-4.31974   ]
                  [-5.52145   ]]
           * Mean_two:
                  [[ 1.49161008]
                  [ 3.16554371]
                  [ 3.65038609]
                  [-0.81618406]
                  [-0.35148071]
                  [ 5.13446414]
                  [-3.27701339]
                  [-4.729273  ]]
           * alpha 1: 0.4632403440214399
           * alpha 2: 2.8061815125282683
  c.
    The error rates for each dataset and model are as follows:

        Data Set 1...
        Data Set | Model | Error
        ---------|-------|-------
            1    |   1   |  0.2
            1    |   2   |  0.17
            1    |   3   |  0.2

        Data Set 2...
        Data Set | Model | Error
        ---------|-------|-------
            2    |   1   |  0.23
            2    |   2   |  0.56
            2    |   3   |  0.38

        Data Set 3...
        Data Set | Model | Error
        ---------|-------|-------
            3    |   1   |  0.12
            3    |   2   |  0.45
            3    |   3   |  0.3

    Data Set to Model Choices:
        * Data Set 1:
            - Data Set 1 matches up with Model 2 the best. Model 2 performs the best
              for this set of data. Additionally, the calculated covariance matrices
              for each class were very similar to each other. They weren't exactly
              equal to each other, but they seemed to move up and down with each other
              relatively closely.
        * Data Set 2:
            - Data Set 2 matches up with Model 1 the best.  Model 1 performs the best
              for this set of data. In addition, the calculated covariance matrices
              for each class were seemingly very independent of each other. This means
              that Model 1 should be selected because it assumes independent covariance
              matrices.
        * Data Set 3:
            - Data Set 3 matches up with Model 3 the best. Although model 1 performs
              better for this set of data, Model 3 did not perform that much worse.
              Additionally, the covariance matrices of both classes of data were very
              close to being diagonal matrices. As a result, this set of data should
              be run with this model 3 (which assumes diagonal covariance matrices).

    Why are the results different?

      The results are different for each model and data set pair because each
      model has different assumptions about each set of data. Some of these
      Data Sets satisfy these assumptions while other sets do not satisfy these
      assumptions.

Problem 2:
  a. View myKNN.py and script_2a.py.
  b. View myPCA.py and script_2b.py. The graph of proportion variance can be found
     in 2b.PNG.
     K = 21
     Error rates:
         Error for k = 1: 0.9326599326599326
         Error for k = 3: 0.936026936026936
         Error for k = 5: 0.9528619528619529
         Error for k = 7: 0.9562289562289562
  c. View script_2c.py. The scatter plots for both sets of data can be found at
     2c_Train.PNG and 2c_Test.PNG.
  d. View myLDA.py and script_2d.py.
     Error Rates for each L Value:
        L = 2
          Error for k = 1: 0.9023569023569024
          Error for k = 3: 0.898989898989899
          Error for k = 5: 0.9057239057239057
        L = 4
          Error for k = 1: 0.8956228956228957
          Error for k = 3: 0.9090909090909091
          Error for k = 5: 0.9158249158249159
        L = 9
          Error for k = 1: 0.8686868686868687
          Error for k = 3: 0.8686868686868687
          Error for k = 5: 0.8417508417508418
  e. View script_2e.py The scatter plots for both sets of data can be found at
     2e_Train.PNG and 2e_Test.PNG

Problem 3:
  a. View/Run script_3a.py to visualize the first five eigen faces.
  b. View script_3b.py. The graph of proportion variance can be found
     in 3b.PNG.
     K = 41
     Error Rates:
       Error for k = 1: 0.4435483870967742
       Error for k = 3: 0.4435483870967742
       Error for k = 5: 0.4596774193548387
       Error for k = 7: 0.4274193548387097
  c. View/Run script_3c.py to visualize the first five back projected faces for
     different values of K.
     Observations:
        1. The back projected Face is more pixelated/blurry than the original data set.
        2. As K grew larger, the face became more blurry.
